152
376
178
464
418
180
88
265
477
247
494
127
59
268
324
339
490
172
308
498
92
199
312
28
393
144
383
290
154
445
430
163
224
164
125
69
165
357
437
357
500
339
315
176
260
463
240
76
319
204
375
451
252
92
192
202
176
388
309
29
149
283
380
174
366
414
111
137
425
56
495
448
449
484
23
430
351
230
494
124
421
283
188
29
310
115
393
223
317
429
327
60
155
27
155
210
124
320
228
96
299
204
256
497
491
284
450
58
331
302
156
282
369
14
257
237
105
315
486
194
300
451
444
214
339
352
447
354
261
350
315
118
427
347
483
83
12
435
229
246
258
401
448
100
113
135
238
211
467
76
121
198
318
45
448
423
201
92
497
2
236
375
409
301
47
494
486
28
243
264
405
271
457
487
188
405
270
467
193
207
85
269
120
237
209
64
322
115
103
299
337
208
304
436
323
463
169
74
30
155
24
395
163
213
358
125
341
469
39
490
484
212
490
31
199
297
32
105
290
228
406
423
165
153
239
125
345
66
377
30
365
160
180
45
185
283
452
480
216
284
231
37
284
178
179
163
303
37
255
105
493
358
252
123
349
245
184
95
66
271
263
29
374
118
28
433
141
275
377
435
266
477
439
116
216
389
351
156
78
105
76
79
277
21
453
196
41
337
128
199
335
104
474
299
364
111
9
329
286
154
128
338
34
341
325
363
120
442
272
345
462
78
369
468
119
54
19
133
436
74
5
247
329
263
396
98
460
476
445
218
203
255
389
373
206
491
27
110
439
365
271
180
402
24
250
120
168
125
300
305
136
368
420
392
260
39
452
297
141
188
419
88
152
118
496
50
302
155
202
82
235
348
348
131
199
199
271
396
420
381
263
269
155
486
497
140
199
362
34
95
393
358
284
351
62
438
19
327
487
76
187
226
327
109
424
212
469
354
241
395
10
215
384
196
41
280
357
487
30
483
52
360
489
364
290
384
130
154
473
355
2
48
286
152
56
378
197
134
242
178
168
310
133
160
173
434
123
27
217
177
25
267
117
87
395
99
344
192
61
146
149
349
233
74
182
208
174
11
139
76
176
366
327
408
91
403
321
187
385
404
111
88
44
119
344
491
296
355
390
203
420
71
79
79
388
153
478
180
359
226
112
92
399
305
458
133
461
434
470
322
466
82
248
242
365
34
274
220
256
319
416
184
120
316
116
493
316
184
356
112
352
464
105
131
479
389
79
334
392
308
112
304
283
446
481
443
134
272
434
191
492
202
83
282
27
81
147
459
438
2
364
254
222
377
101
194
12
461
434
121
26
44
110
247
277
446
409
32
443
155
14
53
285
495
485
188
196
82
422
136
311
37
334
138
257
439
70
104
343
378
63
343
42
139
345
104
291
63
103
277
28
492
167
281
6
342
28
434
222
382
21
469
313
97
412
269
477
183
82
411
406
199
489
192
326
211
489
467
64
409
454
381
100
131
440
381
269
47
436
305
231
349
431
310
451
277
229
457
271
63
49
417
195
500
44
431
270
271
399
4
359
446
150
118
295
130
327
236
216
195
385
383
483
231
262
156
304
492
181
255
163
442
91
323
349
317
312
251
186
112
142
15
208
331
274
92
249
58
445
65
418
411
256
209
108
371
75
27
76
136
345
40
205
200
24
12
378
208
193
246
359
327
143
113
287
393
33
124
304
418
341
11
406
234
19
83
461
26
348
457
288
368
17
204
482
476
482
445
499
442
101
20
210
455
453
30
413
220
104
262
327
198
416
358
326
119
236
471
104
333
56
112
88
16
375
484
261
26
149
187
104
318
282
416
97
248
147
53
171
390
111
414
172
45
483
367
218
67
198
54
421
381
383
37
183
114
265
402
247
212
133
59
358
102
258
368
234
63
350
79
160
310
224
112
247
61
441
239
420
376
176
389
341
425
52
25
405
63
112
343
480
110
450
415
407
93
396
380
234
382
378
295
365
190
385
394
223
234
79
204
100
18
303
206
205
208
292
112
395
406
463
251
341
254
147
39
229
312
98
134
282
450
14
488
159
139
159
315
354
482
7
235
411
141
85
318
241
423
416
195
414
248
145
452
197
489
33
177
96
316
128
212
430
51
405
479
426
387
209
85
435
327
206
384
268
198
25
168
178
291
33
278
278
280
54
103
164
467
56
182
167
142
47
459
17
396
81
173
306
130
391
324
374
199
208
250
255
200
387
494
478
266
381
342
422
444
67
262
494
249
283
292
207
367
288
453
213
140
105
250
73
500
487
452
397
355
398
63
152
90
72
117
188
368
291
340
83
215
81
87
92
52
24
31
428
304
348
115
193
29
344
464
131
165
51
198
372
432
444
398
95
249
126
365
432
134
265
312
112
6
174
159
153
102
68
238
458
308
105
436
429
165
363
81
137
45
383
233
262
119
348
15
351
122
371
105
12
204
189
138
412
208
395
432
427
126
51
211
430
226
265
331
112
401
454
433
254
165
131
433
202
459
127
323
225
470
163
419
143
25
169
400
495
345
173
301
107
462
444
488
203
454
428
117
196
358
275
103
17
118
16
264
199
270
113
466
89
248
271
387
313
177
487
379
172
357
358
303
348
297
173
249
201
131
283
119
72
68
128
227
338
168
182
290
461
197
382
37
37
108
384
11
261
335
187
178
361
10
381
440
398
28
356
335
382
454
429
399
359
242
353
431
127
469
170
311
345
385
312
416
164
26
244
251
93
347
285
462
26
431
43
123
370
247
170
407
330
115
315
107
325
166
351
389
42
409
19
121
440
279
253
238
474
54
402
193
4
437
103
329
236
265
429
252
126
356
342
217
475
369
311
465
438
212
229
498
359
85
493
395
261
47
336
472
404
196
95
343
146
40
228
305
350
457
441
404
293
304
264
10
428
224
402
366
27
490
75
193
474
395
426
198
82
130
401
145
485
415
259
39
104
256
98
466
332
166
467
166
402
445
236
50
457
252
5
104
87
108
353
374
25
264
202
122
383
419
47
172
118
256
155
497
10
427
209
178
183
291
162
74
154
27
327
272
74
34
416
233
192
73
426
468
142
484
353
43
430
50
314
325
479
100
130
476
268
349
452
470
3
139
366
192
305
305
372
54
251
222
377
38
44
300
202
103
319
193
286
10
476
329
482
317
50
42
494
66
421
97
69
26
179
201
138
306
184
277
80
124
268
229
267
147
145
262
407
426
413
465
128
253
85
286
4
19
275
394
28
110
126
483
244
309
193
63
420
248
330
45
285
81
177
45
428
252
86
258
481
26
266
32
207
319
87
341
55
296
335
308
117
243
268
138
305
300
63
442
325
345
258
302
299
47
392
177
101
470
476
300
100
494
458
132
151
331
152
114
213
472
59
36
3
57
186
213
63
373
397
341
50
488
346
445
416
443
411
212
500
319
479
138
324
109
175
482
109
375
497
338
262
416
447
300
170
396
40
216
270
284
85
335
411
337
351
310
16
392
154
11
6
321
491
399
368
137
211
369
104
11
203
418
118
258
332
300
348
269
286
461
202
298
106
481
8
133
46
36
315
241
434
17
481
233
433
356
499
273
93
375
11
404
176
97
385
228
155
337
145
393
288
153
374
425
468
347
13
157
487
49
224
215
45
204
216
400
170
321
61
190
323
220
152
90
220
264
30
116
370
69
302
360
49
92
368
297
265
176
80
295
401
177
343
192
486
134
500
234
57
165
114
225
259
240
22
355
236
371
190
360
476
387
77
429
70
3
294
158
367
167
384
239
197
385
78
103
294
152
311
318
112
458
217
184
109
474
143
253
55
484
98
266
170
418
251
440
333
493
379
485
226
381
286
307
112
136
377
459
20
196
139
135
309
237
315
277
56
392
35
232
383
460
136
339
127
149
256
358
409
131
171
235
317
283
116
398
468
381
100
1
317
244
425
423
497
405
266
174
7
239
317
402
381
246
14
249
407
187
435
437
189
153
375
211
198
390
88
53
66
166
10
476
157
373
132
153
449
239
489
185
464
3
433
417
368
300
75
421
481
127
421
16
244
293
314
58
192
64
340
165
198
373
383
40
174
451
441
133
31
43
233
70
27
20
3
485
145
142
218
248
388
62
147
430
308
239
13
382
204
415
90
293
287
82
257
280
132
451
67
237
496
409
475
469
14
183
295
5
447
30
456
424
16
209
471
55
385
212
406
498
152
336
432
113
150
52
290
368
18
393
204
259
407
115
441
461
209
301
327
324
21
258
94
417
3
156
439
474
481
174
175
294
32
163
242
492
388
341
258
335
256
407
93
392
178
139
256
245
238
58
94
125
327
78
29
49
271
246
162
266
463
157
205
231
100
458
217
183
402
37
162
474
53
424
217
334
251
304
213
447
69
118
413
440
363
254
180
213
179
78
324
428
44
217
171
459
187
417
42
150
28
121
479
364
364
492
120
13
385
48
171
52
129
345
405
276
121
233
44
211
299
132
313
410
387
20
247
63
132
404
170
15
305
456
18
21
484
211
348
444
80
312
78
464
59
144
86
386
159
446
369
218
330
23
479
286
339
40
439
433
347
110
241
128
361
396
417
174
268
305
21
209
123
64
115
182
86
436
104
147
305
230
460
369
119
378
10
44
293
396
49
259
496
338
117
272
430
24
257
169
470
306
28
55
254
437
471
113
19
257
76
73
484
380
110
474
318
339
447
2
164
304
253
146
313
408
45
477
491
16
303
488
213
374
341
131
467
500
239
3
374
473
74
450
166
322
146
353
168
192
307
351
2
160
314
367
37
195
445
475
28
123
367
406
78
230
462
337
427
151
438
491
124
129
219
96
450
412
114
304
398
115
344
320
223
243
419
227
467
284
319
266
425
287
303
266
326
230
492
305
15
133
160
295
71
422
407
247
258
361
79
189
258
59
430
469
467
46
133
55
157
256
297
324
476
376
121
377
237
48
325
499
1
180
340
15
345
296
162
67
166
285
56
146
174
250
59
103
84
235
488
333
219
97
289
410
27
46
226
42
75
492
464
453
339
283
156
70
27
160
108
280
355
377
58
432
26
315
480
316
234
224
187
430
265
229
281
29
237
227
285
210
187
447
470
113
84
81
51
251
398
240
69
436
185
208
278
379
54
38
455
157
129
385
448
480
464
172
244
498
469
238
220
247
216
437
23
326
440
387
378
405
312
46
296
293
401
152
394
491
387
231
138
420
386
376
451
371
230
325
172
142
306
20
320
344
441
316
126
440
433
320
170
244
197
468
317
327
457
434
493
149
200
243
79
63
10
100
436
368
33
377
244
121
187
500
482
36
249
85
415
33
201
83
43
271
174
1
409
369
468
303
126
458
491
84
363
247
4
282
399
356
335
338
113
377
172
77
82
359
226
325
108
266
418
350
214
345
309
86
204
362
287
337
486
202
485
178
358
5
99
173
436
210
150
199
318
202
331
233
457
120
373
272
71
363
339
285
148
357
487
87
408
250
207
359
213
437
169
241
102
30
115
387
202
290
230
219
320
444
261
274
30
303
447
498
13
219
468
189
330
39
406
381
153
487
285
493
319
205
442
283
306
95
443
351
487
61
379
327
168
322
220
185
43
92
434
233
307
121
358
261
164
399
208
85
476
171
299
335
244
370
394
235
487
94
149
389
437
334
386
162
283
377
396
122
427
21
134
297
429
109
27
498
492
274
219
398
412
305
319
255
34
83
217
202
226
206
214
424
379
143
85
226
374
47
295
23
291
254
384
175
32
450
5
209
244
14
329
73
226
184
412
316
142
368
229
341
43
189
388
312
288
232
44
173
473
360
251
344
41
482
396
197
134
246
5
161
207
288
487
16
258
402
467
332
356
339
29
362
413
295
170
296
363
178
377
214
98
260
71
420
115
449
229
359
445
161
218
343
425
18
329
3
402
490
150
32
358
36
280
158
388
313
422
85
247
138
175
154
41
55
296
452
352
106
376
262
301
275
234
362
219
436
419
30
202
174
475
368
396
388
113
54
359
233
98
63
350
213
71
47
282
486
92
122
486
384
486
177
243
63
86
460
332
264
129
281
81
263
10
434
87
302
154
186
436
43
103
119
320
448
427
481
24
432
261
327
254
96
203
231
201
500
420
160
207
22
136
226
189
156
204
20
352
380
182
5
454
137
274
99
116
449
139
489
358
222
384
38
143
462
135
228
321
289
294
29
378
463
44
343
378
480
334
279
461
249
406
401
103
364
494
389
228
126
80
79
47
95
80
294
253
262
445
86
405
215
94
73
495
124
133
462
303
350
87
35
217
33
374
461
188
191
415
123
4
66
159
395
444
263
404
308
291
110
70
401
480
125
84
259
470
16
236
236
148
252
259
200
256
437
498
338
7
495
326
8
113
28
3
2
26
114
350
206
180
353
61
139
490
30
70
153
251
423
230
240
472
55
82
329
477
459
210
263
358
480
129
285
128
58
273
289
55
32
500
388
308
102
54
448
121
336
202
188
214
341
167
192
190
146
174
290
95
234
244
165
172
218
450
306
236
239
99
11
370
347
280
16
386
380
357
103
239
199
391
61
190
31
20
294
168
191
122
66
318
491
41
427
267
315
371
242
75
55
139
440
297
407
358
124
444
397
173
65
460
499
355
249
111
201
54
211
450
18
173
178
152
145
275
263
233
204
289
411
187
393
267
153
187
274
148
357
446
450
437
175
345
451
289
152
281
318
329
159
109
131
72
234
327
12
9
220
432
62
397
236
110
154
382
439
78
50
458
332
28
455
288
468
219
327
162
359
270
33
320
135
222
341
5
105
353
141
479
305
137
347
293
323
83
5
348
336
485
321
250
123
367
90
157
113
114
315
135
47
443
243
167
254
468
28
180
224
195
284
492
238
281
471
214
170
379
245
50
284
309
235
29
376
169
77
487
475
339
497
109
491
101
273
48
228
355
28
29
8
80
482
464
331
346
86
392
495
270
299
83
412
376
192
357
43
286
77
75
312
171
450
392
215
255
181
177
458
70
142
31
409
422
276
65
487
361
3
36
191
108
341
63
449
103
175
496
246
459
223
40
80
177
480
500
254
25
190
432
255
452
269
168
90
376
50
7
331
42
234
445
409
34
35
63
252
279
192
166
262
177
264
412
384
158
471
69
50
158
247
95
189
98
169
499
221
17
491
445
459
40
158
234
262
312
407
173
468
484
352
440
135
176
347
352
34
213
369
410
469
176
207
235
58
78
349
362
407
144
177
7
318
329
311
199
157
293
338
185
321
122
61
254
416
50
412
495
238
441
281
173
447
152
132
198
484
296
70
201
231
205
294
451
208
208
305
293
247
495
185
409
14
87
344
48
20
491
223
415
419
251
207
143
252
102
235
238
136
457
485
19
438
355
470
440
409
435
366
239
17
311
26
102
265
47
296
30
216
158
14
218
153
312
394
162
383
9
425
258
74
172
397
451
224
128
242
454
433
482
6
261
483
351
25
35
470
360
152
64
237
164
271
261
233
120
314
176
86
469
498
193
221
180
148
469
169
246
141
311
403
417
309
442
30
394
436
177
480
110
485
187
18
197
126
492
360
192
268
402
495
467
441
498
461
200
123
210
279
46
410
329
54
411
350
206
361
474
212
4
15
270
30
246
59
254
389
417
461
383
116
124
404
266
364
280
358
406
393
421
168
30
336
104
359
365
236
429
82
94
256
438
196
490
132
162
409
12
193
196
121
333
129
114
156
438
55
41
2
26
469
43
348
45
221
413
286
173
275
167
404
54
291
408
200
7
314
318
279
316
277
357
158
35
472
180
165
5
167
56
483
67
191
408
164
90
462
243
173
100
263
19
478
415
352
31
51
185
483
78
280
298
380
136
303
25
302
331
55
211
23
366
483
167
234
69
333
237
272
450
226
287
402
107
345
83
404
431
22
180
246
421
282
112
269
453
24
207
5
79
432
425
44
409
1
69
249
249
126
190
13
36
156
384
345
184
23
15
92
169
173
221
361
208
405
304
395
493
459
294
40
352
274
155
314
261
196
218
118
417
163
462
164
54
423
307
358
367
206
58
107
306
8
29
307
69
126
304
160
433
486
374
427
46
451
199
255
14
362
494
345
495
340
175
405
136
116
118
114
496
98
406
180
90
257
351
485
421
21
37
324
277
407
108
346
191
367
418
438
274
20
53
59
177
375
494
331
153
458
32
107
118
372
185
206
265
288
123
40
101
121
168
30
329
270
48
368
249
228
131
15
282
142
308
155
387
486
175
294
488
430
47
199
89
241
162
482
8
139
260
307
137
405
463
454
282
305
80
309
34
436
138
275
168
497
27
52
353
189
244
363
447
25
204
278
315
175
81
82
492
177
65
385
132
406
286
79
434
487
493
207
255
108
364
324
316
121
59
79
307
220
305
414
286
127
464
59
104
221
120
351
67
382
269
334
282
451
211
102
36
231
172
428
190
214
137
398
373
413
183
483
316
88
461
341
363
9
216
492
151
468
477
21
76
253
194
500
11
24
260
451
253
203
418
395
479
353
79
289
363
359
83
68
231
248
372
399
424
464
411
310
146
121
81
460
291
346
37
458
238
250
276
445
260
261
394
440
46
138
132
407
442
373
451
454
262
397
434
161
3
59
312
191
8
207
423
39
469
430
287
92
268
8
407
62
457
23
188
285
141
221
202
459
268
274
208
458
182
405
78
112
451
6
383
52
239
410
17
127
43
271
262
286
301
168
225
346
313
50
13
148
16
429
434
256
500
380
355
113
156
358
201
361
98
171
290
465
412
23
487
212
430
43
267
248
74
452
465
429
334
167
22
465
217
41
105
148
424
225
452
292
185
236
219
476
23
199
34
198
274
29
271
144
471
356
388
463
127
422
394
184
152
402
252
252
2
171
152
79
199
414
213
481
193
211
246
453
466
266
207
382
485
306
463
6
488
421
401
259
188
90
298
499
247
48
196
78
392
294
311
267
230
84
233
152
218
72
394
300
355
456
374
302
467
461
263
106
469
331
308
8
191
159
98
180
282
357
494
173
337
387
395
17
171
9
340
281
248
272
205
250
460
265
80
315
397
281
71
101
386
470
4
448
412
379
95
475
81
351
252
155
15
193
192
149
42
316
66
483
166
105
202
105
176
228
478
388
309
316
189
237
123
43
61
134
238
38
330
227
210
265
486
384
248
120
479
53
483
333
253
267
330
7
69
192
424
171
91
270
325
84
161
223
43
244
144
3
48
72
78
148
201
110
193
443
50
255
179
378
124
60
272
426
273
474
452
456
182
87
187
276
19
403
228
220
168
29
45
81
236
302
463
218
395
363
41
239
299
9
125
331
86
264
375
47
33
117
388
174
143
142
290
213
396
344
417
469
498
32
346
300
344
296
199
218
404
285
192
233
30
385
462
118
104
203
174
144
98
334
358
289
489
301
309
413
500
314
245
26
440
94
211
445
330
359
457
373
208
357
242
297
355
368
165
491
273
468
236
419
492
111
469
378
300
76
295
402
149
260
58
138
373
427
292
232
455
136
351
131
369
346
293
187
11
449
190
441
426
461
309
149
466
442
250
238
83
412
325
197
291
498
489
238
330
393
271
500
295
361
60
66
378
496
145
152
27
263
245
494
127
481
174
193
334
384
87
99
426
183
1
212
486
175
43
58
316
413
23
39
387
207
64
401
115
342
115
164
23
358
182
154
302
456
121
131
419
229
272
463
279
319
91
309
17
340
305
382
236
4
401
33
487
281
12
158
449
152
482
266
127
91
27
451
479
281
45
22
132
301
183
70
356
65
278
461
121
160
275
412
461
436
149
137
460
233
212
439
449
488
54
55
25
142
120
130
168
294
174
288
174
383
87
481
169
350
43
42
347
241
329
258
15
12
441
170
298
492
246
320
232
400
363
287
124
160
394
451
357
371
419
228
360
266
67
295
179
297
174
244
39
90
300
68
381
484
45
441
255
128
213
383
425
237
486
104
357
29
262
130
136
145
348
150
73
423
78
489
78
343
395
122
444
193
193
263
442
81
104
199
111
342
93
362
260
91
482
387
95
263
151
388
443
355
286
133
341
308
124
376
193
500
123
257
444
220
14
410
37
169
57
200
66
73
237
425
292
360
470
239
195
22
138
139
443
317
44
412
36
281
57
198
17
224
349
47
418
359
233
219
154
37
171
408
249
238
485
65
238
436
317
85
175
258
230
292
22
17
262
385
205
155
14
337
359
424
144
125
218
267
366
160
234
301
206
319
359
93
405
138
448
25
455
403
2
481
256
188
412
338
391
256
17
376
461
156
132
85
292
403
281
153
186
207
111
443
201
405
431
218
159
5
497
82
334
76
17
150
392
154
440
399
287
287
342
314
378
459
251
24
44
233
365
484
58
210
73
466
389
190
221
134
493
309
398
377
478
375
481
196
305
185
399
33
442
187
453
195
59
81
165
263
3
203
400
314
397
389
46
179
232
448
224
34
356
380
448
186
191
59
241
161
429
255
50
377
331
123
351
147
40
102
12
35
125
51
476
241
252
452
406
106
84
22
311
146
137
259
198
108
369
106
30
469
359
243
246
101
384
354
219
373
154
184
399
414
355
209
448
487
18
340
416
19
482
275
496
225
31
345
37
500
443
67
385
316
372
496
175
244
95
491
496
452
208
36
306
58
382
464
171
102
269
100
286
97
53
164
320
157
33
178
418
47
453
42
194
191
77
8
239
194
237
382
82
264
286
500
117
98
18
259
358
299
217
374
360
210
56
432
371
201
50
333
194
445
239
290
363
17
186
225
51
282
219
125
161
38
180
269
272
130
209
100
59
404
298
24
424
327
43
437
418
350
143
450
89
226
258
453
117
419
410
484
58
498
58
200
154
28
439
218
51
351
162
102
277
440
377
373
148
49
146
98
179
316
394
385
288
190
31
411
416
120
481
63
288
345
479
229
298
307
48
375
475
306
103
156
190
333
91
75
139
272
491
464
209
145
396
483
156
470
211
263
499
456
302
367
228
304
144
365
344
201
235
4
338
267
159
219
19
240
300
113
136
464
235
416
413
451
366
481
81
228
275
427
62
19
212
234
318
435
495
300
386
328
396
322
361
237
365
230
5
5
175
414
312
78
228
491
185
277
392
34
436
464
346
375
45
427
392
368
76
93
237
399
311
279
148
334
472
74
291
154
19
244
409
97
218
86
300
323
176
86
292
365
180
459
134
481
56
216
379
395
350
281
431
460
379
417
8
299
211
248
303
146
293
44
48
341
339
136
178
222
179
369
107
42
66
340
7
3
418
359
220
45
184
112
224
105
419
295
199
318
258
214
444
343
282
296
454
379
281
335
17
371
143
385
220
375
491
265
181
188
337
407
237
460
324
415
198
282
162
215
71
47
91
416
438
282
142
155
386
121
85
160
67
145
316
17
93
449
457
248
47
498
197
258
429
127
337
449
343
407
187
395
162
34
263
417
322
440
341
112
213
393
157
492
460
63
5
267
132
269
170
87
104
467
483
53
492
433
363
253
160
119
3
269
374
184
308
147
204
401
392
209
245
313
336
269
122
358
469
362
181
37
251
440
36
175
324
189
467
347
483
116
385
169
246
415
271
348
270
284
143
148
208
361
195
282
75
279
310
176
429
492
137
55
81
6
404
362
165
465
10
230
226
173
336
430
8
103
14
35
361
256
153
477
89
318
263
101
254
60
275
400
211
172
188
249
269
345
462
144
62
351
290
265
182
125
395
30
289
466
413
250
234
365
341
43
327
241
345
223
116
439
51
93
7
231
183
319
243
318
105
377
100
377
15
14
262
88
101
113
72
303
102
459
395
43
157
23
440
412
366
117
328
189
366
78
267
420
117
18
467
149
435
133
445
156
69
100
60
64
380
226
26
4
344
176
230
231
277
407
28
59
244
262
165
312
180
128
211
152
253
52
286
116
454
302
4
25
296
16
362
33
391
328
332
94
459
178
157
375
111
419
259
318
469
272
326
450
348
294
469
360
359
101
389
368
386
324
232
311
387
56
262
180
7
423
136
413
380
342
411
60
433
53
477
309
316
134
365
414
406
353
346
490
75
479
406
364
120
40
44
227
409
371
414
235
407
327
122
413
326
106
444
259
138
242
431
342
179
85
254
349
486
376
208
106
401
400
120
435
278
175
363
390
447
152
405
452
309
44
220
81
110
64
458
211
122
151
136
249
28
98
69
13
353
431
2
132
318
387
315
478
406
436
291
461
380
438
254
196
315
284
425
493
63
174
58
423
290
91
355
339
498
9
301
187
66
402
387
211
24
293
238
269
301
248
405
416
274
48
33
172
389
94
255
482
92
96
33
300
187
63
208
479
94
259
293
210
267
441
8
193
301
453
195
404
444
104
176
440
407
135
119
267
454
120
325
440
354
160
261
394
253
420
403
298
28
262
300
136
92
34
375
245
7
462
268
360
80
42
14
440
415
374
67
23
119
492
48
245
60
450
236
285
206
164
95
21
178
401
173
18
213
206
386
91
192
73
153
193
403
256
440
194
64
262
104
232
32
334
463
308
408
20
226
77
47
360
370
419
173
150
174
317
494
338
459
371
335
223
135
344
379
317
381
115
148
58
259
157
348
398
186
245
127
229
52
36
193
176
351
395
100
313
411
436
284
121
302
130
215
188
171
84
189
32
89
146
6
334
109
379
337
327
487
180
166
210
492
331
233
52
432
187
341
400
396
378
328
121
299
427
396
351
117
79
298
422
188
277
179
157
149
271
102
39
492
169
486
453
310
419
307
490
134
199
33
117
234
29
302
484
22
75
348
113
62
78
150
325
345
190
169
403
297
86
435
236
8
246
499
20
415
47
114
472
92
456
149
488
435
71
480
253
377
500
186
410
300
229
483
126
63
25
349
180
12
189
288
40
476
102
114
386
133
373
46
500
158
186
212
97
347
8
19
319
362
230
33
368
421
19
279
111
103
272
475
392
46
392
375
256
50
380
418
398
122
228
439
262
139
23
126
463
217
333
370
496
457
6
14
79
27
338
326
444
30
293
338
418
315
436
396
253
292
103
477
367
392
486
458
426
149
341
135
27
380
306
322
210
142
19
371
1
79
169
417
275
380
462
34
420
400
79
390
474
6
219
268
280
465
69
104
56
97
207
412
279
69
364
155
334
31
270
203
483
356
406
167
465
462
435
362
275
169
321
206
78
186
280
230
138
156
74
341
149
294
462
265
498
349
156
437
124
141
60
333
420
56
290
455
443
270
40
348
131
26
250
105
193
91
239
441
419
474
28
357
307
184
427
470
122
181
201
430
301
276
100
295
22
8
474
499
182
37
298
385
92
284
10
486
303
451
374
423
168
153
260
444
29
200
236
234
246
105
170
132
242
48
248
457
221
16
218
40
306
397
67
14
22
163
403
235
260
291
337
70
210
307
411
3
121
256
284
278
237
54
299
435
307
8
369
252
193
325
196
171
317
189
304
314
478
417
106
199
419
383
331
201
486
213
53
176
243
342
317
47
483
287
418
417
286
417
327
54
12
216
444
274
451
368
467
427
270
78
18
289
396
323
406
238
21
209
449
103
76
269
131
42
259
453
112
253
469
131
92
161
424
220
420
92
153
61
25
206
137
331
230
203
458
231
385
11
7
230
423
302
108
18
406
283
222
276
5
251
349
117
476
413
248
463
194
421
187
227
106
484
62
17
124
277
26
80
414
182
20
459
372
179
58
227
159
393
36
364
166
18
437
93
500
435
401
132
264
430
359
460
263
473
197
247
93
458
317
149
134
302
359
109
382
152
411
301
328
302
108
148
147
244
219
290
378
499
52
65
499
106
375
406
367
285
423
160
387
407
101
93
483
490
5
326
491
417
86
138
472
92
464
441
138
116
221
341
127
18
395
475
198
321
319
309
126
80
35
292
82
224
87
153
118
230
214
222
60
322
233
495
108
444
241
127
253
357
212
299
306
160
49
285
284
24
256
180
229
338
43
75
181
295
433
476
465
309
228
25
277
373
141
465
163
233
309
467
438
387
24
270
379
88
89
99
117
66
461
98
110
253
110
459
331
270
380
71
396
360
114
363
286
374
284
86
54
232
11
39
3
111
499
184
198
329
190
293
437
137
276
121
347
260
105
166
171
162
17
385
24
47
227
165
435
171
490
77
395
448
38
298
283
332
64
178
117
261
408
235
424
339
85
340
174
179
287
56
303
72
160
500
128
368
299
194
161
44
226
194
330
80
421
264
421
286
429
115
232
229
81
122
392
380
419
46
128
485
113
132
388
40
365
466
208
78
152
203
485
208
22
211
481
107
148
326
276
309
407
219
235
289
349
453
103
390
189
25
317
210
168
160
368
19
65
252
150
248
36
208
144
445
4
29
37
492
416
188
459
123
364
344
410
71
313
117
207
366
33
478
311
460
223
419
309
476
329
316
33
439
94
400
340
360
68
413
456
22
492
423
487
246
292
358
237
271
304
113
305
243
300
69
161
66
418
71
377
116
245
314
51
10
448
172
122
265
169
343
293
265
214
160
73
32
4
160
133
264
290
391
140
85
154
92
42
355
68
168
432
234
432
425
59
41
413
273
383
181
236
1
160
152
107
399
28
334
462
319
314
349
394
319
415
406
301
271
24
42
94
264
248
186
179
300
254
389
339
89
492
474
215
380
304
193
130
442
300
290
216
339
279
112
53
277
228
110
342
173
458
260
85
175
360
495
197
140
468
367
67
47
45
109
234
14
315
304
44
456
130
238
488
45
425
416
290
373
141
67
257
263
1
202
474
343
36
73
12
399
95
43
26
146
241
29
398
335
451
273
407
161
337
249
360
101
282
20
114
284
367
299
4
66
256
394
349
341
373
68
470
110
140
175
438
109
386
167
201
163
102
338
195
138
225
295
103
146
373
317
49
225
85
305
249
468
42
92
384
492
17
346
378
336
395
258
164
166
20
73
71
303
362
402
45
267
119
33
120
60
208
199
281
43
385
499
222
131
282
303
395
123
9
85
256
246
236
206
162
459
169
170
33
289
241
366
123
286
23
220
23
353
385
51
437
430
325
286
194
45
28
436
24
433
261
4
230
318
47
152
77
68
224
138
6
233
493
87
124
480
400
249
329
179
336
365
484
269
128
248
82
194
100
67
47
493
144
209
39
166
272
381
455
169
441
421
214
313
69
463
385
490
87
310
281
474
186
478
257
99
490
470
179
352
353
344
302
373
216
173
169
491
87
377
82
312
71
353
229
380
203
142
137
249
324
181
301
222
237
444
108
208
29
478
6
4
74
1
251
384
65
333
116
157
199
7
444
328
111
421
141
190
114
360
368
43
416
141
54
342
83
18
182
351
342
313
290
391
497
12
158
461
282
316
269
393
273
321
321
356
180
142
343
262
337
396
319
200
12
2
155
207
347
276
318
91
196
221
72
182
447
359
398
149
54
289
423
121
479
482
495
2
25
71
454
362
179
157
108
396
18
279
487
275
39
356
76
269
349
472
433
266
108
427
390
240
389
434
409
406
167
316
90
111
147
431
356
109
300
391
469
94
131
471
148
360
49
319
387
91
481
308
349
175
418
34
153
11
460
47
362
33
166
495
36
183
50
371
364
210
418
18
126
105
494
479
27
21
252
145
329
351
267
5
170
131
81
69
487
102
76
266
99
209
210
335
160
391
124
346
14
317
137
92
284
275
482
139
498
70
251
346
27
270
63
74
223
213
219
268
285
15
282
417
133
391
485
229
393
244
144
126
481
10
410
381
252
292
110
388
246
218
234
209
180
465
220
75
43
152
132
113
456
237
73
495
307
233
302
198
115
365
399
424
123
404
111
82
185
127
68
51
214
336
463
158
212
38
26
63
224
255
195
349
493
487
247
256
55
169
403
68
112
392
443
152
142
383
246
154
454
92
379
250
174
344
387
247
47
299
271
156
402
449
377
135
147
91
372
451
289
110
378
276
171
14
473
307
381
459
280
274
144
26
182
448
426
226
376
277
11
102
436
228
356
450
381
316
238
480
384
169
404
274
217
295
288
121
333
472
238
251
97
425
168
109
139
106
123
170
85
34
357
318
8
230
237
59
415
315
85
314
309
316
418
132
486
192
11
84
138
452
207
97
76
105
15
293
475
474
212
330
439
157
415
421
419
134
424
84
81
162
65
231
106
212
231
494
124
300
398
163
30
26
45
286
299
161
121
369
129
1
17
216
247
126
370
213
115
499
500
383
400
135
294
218
143
320
9
200
368
26
110
34
53
332
64
413
383
247
359
147
43
375
425
208
438
382
163
159
241
166
360
36
446
38
435
113
287
95
197
455
304
278
121
445
158
371
48
368
431
411
164
272
68
184
219
198
422
63
13
358
457
80
437
141
122
90
130
227
132
454
150
276
37
18
62
496
327
139
292
435
117
305
274
157
500
204
21
349
75
373
72
136
381
227
58
231
49
456
55
90
340
385
399
72
495
438
175
40
327
383
273
35
388
13
100
47
236
313
363
488
358
72
200
262
152
210
418
325
85
385
105
330
113
165
29
342
352
268
411
221
91
485
436
75
299
21
223
199
59
25
389
119
44
89
365
287
119
441
193
93
468
490
201
168
294
213
197
5
75
201
137
120
214
464
114
437
464
292
9
201
47
158
175
63
88
267
168
19
155
455
259
153
85
140
218
39
79
64
262
347
102
445
478
39
84
109
70
83
140
481
361
404
106
115
178
219
109
228
498
108
101
360
56
495
363
483
49
347
373
470
45
106
136
405
277
407
134
239
160
289
429
266
79
480
130
302
308
459
5
359
302
266
329
403
57
21
289
94
281
334
256
125
219
163
77
483
187
308
221
78
129
3
112
312
364
114
284
165
126
135
187
435
490
112
430
165
380
219
52
246
5
79
78
16
315
378
63
9
383
133
126
267
24
325
105
349
432
311
409
348
167
225
441
353
460
133
31
378
12
457
310
308
248
122
183
394
359
37
152
291
398
367
182
491
236
121
33
389
259
336
65
487
387
92
419
1
249
284
234
369
167
403
88
264
30
215
256
380
130
428
115
295
91
486
27
237
170
249
446
54
453
267
178
117
236
376
243
251
307
197
184
133
260
72
289
365
44
190
291
186
50
46
365
451
230
492
482
179
31
423
141
40
247
192
332
215
358
7
252
70
402
31
252
20
17
495
343
397
468
463
189
465
188
416
1
74
211
65
50
177
244
191
119
196
118
11
177
357
410
345
354
262
140
435
357
61
199
16
471
79
391
154
478
291
401
48
489
424
391
345
50
413
495
46
170
242
36
377
459
10
11
442
18
337
122
139
404
405
458
211
80
86
376
338
161
251
90
12
456
381
57
336
364
150
398
157
74
95
325
254
179
441
318
435
388
497
215
177
346
393
316
431
282
193
138
417
188
178
90
137
117
251
8
433
314
106
285
230
434
332
167
106
381
258
218
56
12
256
456
222
378
251
269
479
35
52
353
119
48
495
174
345
323
190
274
82
170
465
122
485
131
277
216
205
58
72
156
276
211
177
77
59
248
405
17
401
412
85
89
120
493
196
194
94
237
260
452
54
271
10
55
272
403
206
344
71
183
282
79
63
64
240
154
176
201
431
315
404
493
5
364
296
385
439
336
462
130
107
168
356
282
375
71
296
52
183
11
28
372
489
12
276
19
333
387
478
41
118
455
407
386
468
330
93
165
279
12
342
310
264
168
256
68
429
291
481
277
22
258
394
168
35
252
178
128
366
497
134
321
166
368
208
367
340
73
28
452
10
362
275
166
78
31
439
201
282
390
449
124
366
331
291
443
164
195
74
413
13
253
42
160
3
357
282
149
97
57
312
259
147
397
397
349
266
4
286
82
416
133
129
70
404
421
80
442
311
280
75
351
77
124
419
183
228
443
196
275
345
168
97
347
23
254
19
63
92
471
284
197
440
47
491
230
197
33
423
431
12
64
491
482
482
54
24
81
182
352
161
138
470
406
350
189
12
84
325
497
166
36
47
495
474
207
404
185
146
487
468
490
444
419
340
153
386
362
496
308
142
117
199
121
405
188
355
69
385
61
203
370
381
241
479
386
156
157
115
437
68
30
162
414
87
355
489
375
425
269
319
392
135
303
437
367
31
280
330
304
279
18
191
105
458
400
48
374
267
450
363
492
414
87
186
252
13
467
420
311
77
51
423
374
390
366
31
170
199
356
183
91
300
205
61
132
129
66
194
307
496
315
108
64
95
125
16
465
293
9
118
386
153
309
391
375
399
128
210
498
374
178
379
473
249
178
14
309
437
117
358
251
316
444
390
407
448
153
106
207
43
90
83
27
413
376
309
287
117
386
445
128
411
403
443
442
469
308
10
473
168
470
136
500
490
417
309
268
319
337
207
234
80
500
472
25
304
340
229
85
274
135
246
423
446
19
81
155
323
414
219
111
400
421
59
197
205
236
139
471
269
248
293
442
211
154
362
17
331
194
264
267
328
426
82
218
426
397
429
284
292
25
99
165
186
106
1
88
327
496
56
119
413
230
130
20
150
167
142
103
44
114
303
423
24
345
425
343
249
476
428
483
204
265
94
453
352
91
201
401
284
173
498
426
377
393
459
239
48
50
19
80
155
358
353
421
96
114
423
261
40
71
321
488
78
364
464
217
430
84
428
347
68
44
146
175
384
238
306
355
163
34
168
305
276
296
10
222
81
324
195
343
45
303
277
337
104
294
236
299
206
274
253
250
371
225
35
294
459
396
420
148
141
21
489
182
291
53
48
322
265
285
248
253
156
154
140
216
240
25
280
442
406
297
455
295
340
343
283
67
272
499
333
78
434
148
496
271
338
294
136
317
250
9
28
473
56
156
301
429
441
414
11
212
489
319
55
409
458
319
454
457
88
177
45
68
335
494
336
30
433
117
183
90
149
310
85
441
492
193
198
496
4
216
216
46
84
253
466
261
48
292
34
70
360
176
338
415
142
397
424
173
207
84
302
129
407
37
371
324
171
434
440
374
46
216
4
429
41
97
275
392
410
159
47
231
429
103
210
322
443
405
209
156
270
371
405
465
241
424
161
406
283
389
54
302
107
492
386
195
104
399
148
466
72
238
281
188
370
293
435
56
30
348
62
292
205
41
419
240
210
72
98
108
147
94
360
273
367
297
472
446
222
339
360
148
172
63
149
447
441
309
252
236
438
31
291
486
181
450
129
392
411
52
362
134
484
416
466
130
6
75
304
104
472
451
446
104
470
299
173
226
174
56
174
236
107
66
281
99
197
266
144
473
295
134
467
234
313
487
398
288
169
89
299
87
115
455
486
134
470
285
89
31
80
30
423
222
167
312
256
429
445
128
490
91
112
141
180
101
473
259
343
79
75
187
335
107
272
224
9
416
185
197
82
371
488
185
494
309
355
451
169
330
301
414
329
470
480
428
68
388
271
186
24
223
238
185
445
92
227
369
19
394
13
344
143
78
2
428
340
347
48
184
217
445
442
148
298
142
81
485
168
349
254
33
199
426
316
377
150
239
360
456
153
271
246
83
53
271
84
240
180
328
430
58
480
68
85
21
477
266
474
169
280
110
102
309
286
100
87
171
405
186
193
341
460
141
199
357
489
432
267
420
440
420
275
406
184
131
355
47
486
61
45
55
393
61
158
319
108
208
51
348
179
312
74
139
305
241
470
366
260
112
486
453
311
125
363
429
93
316
272
335
195
374
73
415
223
373
68
353
270
237
154
449
157
163
478
303
401
329
318
358
160
264
41
7
435
65
18
387
17
293
373
491
71
374
423
324
391
143
53
486
154
295
137
284
63
498
435
346
462
183
169
42
456
195
178
51
217
387
267
424
459
80
445
142
145
359
367
390
211
160
313
17
46
329
11
70
117
464
84
177
481
235
251
135
494
150
301
102
261
300
132
15
374
29
397
93
101
203
27
102
117
300
39
22
385
473
160
185
107
399
350
62
141
316
347
22
430
15
305
89
431
232
39
42
59
443
248
94
498
416
442
316
204
44
70
36
130
22
63
59
94
251
249
213
336
38
178
54
91
150
36
355
35
115
357
486
169
305
241
250
108
337
267
354
401
117
156
362
267
21
144
184
236
131
314
6
334
295
409
458
456
342
376
272
141
293
60
256
354
148
89
39
388
448
85
238
264
263
362
3
428
493
251
245
240
488
151
312
52
392
279
386
265
386
451
487
6
53
17
131
24
33
334
467
67
314
355
38
399
132
85
217
139
284
250
385
442
403
114
466
461
296
360
75
249
292
467
291
144
290
402
336
239
170
345
346
367
147
482
356
5
302
204
200
195
31
257
87
5
20
112
353
118
11
436
140
494
117
169
113
8
285
233
242
222
147
427
187
343
498
7
427
46
419
351
397
160
261
482
187
246
91
33
122
321
88
12
493
418
415
426
143
301
114
31
182
498
299
65
236
352
69
428
349
48
468
309
428
488
110
208
5
90
150
302
24
384
243
440
384
380
323
438
73
414
186
115
405
159
188
290
117
146
157
145
438
13
164
31
148
270
172
389
111
143
317
53
376
48
115
183
63
416
264
74
468
486
399
7
147
253
218
169
110
85
214
26
206
473
470
289
331
114
469
376
205
398
216
440
150
6
146
189
79
95
278
329
259
90
421
474
326
299
373
421
55
485
41
103
464
154
242
448
473
136
46
268
131
58
30
57
183
61
74
403
190
499
477
409
367
43
104
189
368
422
76
158
375
81
102
389
52
275
495
359
227
89
193
384
9
491
171
497
19
405
72
395
407
336
129
441
442
344
14
19
155
125
180
248
226
121
462
326
196
465
297
383
461
109
292
367
499
302
81
30
372
22
490
116
160
171
357
309
238
236
91
439
95
169
74
311
274
84
354
347
479
312
289
38
436
89
287
406
183
40
158
403
213
219
241
284
93
283
477
108
104
387
433
65
322
95
424
329
98
20
369
78
456
31
322
272
117
178
281
89
77
21
303
270
483
282
297
384
474
146
447
235
103
205
202
324
17
357
35
391
212
20
268
148
371
262
233
357
106
402
256
375
266
280
95
246
433
255
320
304
241
44
452
94
260
275
163
233
359
91
335
57
221
305
427
141
23
487
231
413
193
419
422
195
162
150
89
82
86
342
415
88
168
295
108
434
430
418
337
319
92
3
488
348
89
448
398
160
234
77
421
56
44
384
185
179
394
461
243
474
328
442
2
322
157
116
293
305
293
375
289
153
229
378
134
364
48
211
99
21
461
463
443
168
7
453
244
5
314
368
467
486
117
300
327
134
150
101
101
145
471
122
34
11
371
228
245
22
121
16
132
76
23
431
242
293
43
406
312
372
134
303
295
105
326
287
83
332
178
332
424
486
277
306
71
168
157
50
116
424
269
35
218
150
450
42
458
163
282
395
466
105
186
50
185
419
202
307
162
154
21
111
160
295
81
301
44
302
333
216
476
345
173
411
269
117
471
178
450
342
208
316
112
373
308
449
445
422
459
323
39
155
3
318
37
427
307
400
22
39
456
489
224
354
132
94
70
88
109
212
434
497
465
310
86
45
352
220
280
440
486
18
267
210
407
393
75
211
51
123
411
110
208
161
291
47
87
315
99
234
417
304
253
299
288
385
371
166
323
417
471
183
191
68
109
145
17
444
162
163
328
153
487
144
354
316
127
420
277
174
467
227
328
320
268
441
62
165
449
50
134
3
166
427
460
51
288
497
285
483
265
316
437
398
52
76
306
222
315
355
10
358
481
312
135
380
380
287
2
263
266
11
498
53
313
317
248
474
367
390
122
279
254
182
460
177
221
186
325
342
303
238
64
484
333
496
96
24
169
142
461
281
333
212
431
80
203
291
291
430
248
46
313
345
361
335
382
30
331
263
344
477
270
199
217
67
418
372
160
12
167
152
364
431
442
140
392
487
148
135
446
379
304
414
63
43
263
124
332
155
470
390
415
26
111
478
395
110
273
61
326
243
244
325
264
288
20
204
44
142
280
166
151
49
126
427
157
318
282
1
454
468
140
362
280
377
49
414
448
325
141
278
117
300
133
175
20
157
93
464
135
82
474
27
17
467
405
383
258
58
220
486
403
292
41
214
72
423
373
66
50
469
160
30
187
119
68
499
111
77
383
478
11
339
395
123
40
116
432
453
318
72
312
251
463
162
477
394
134
197
297
446
229
320
180
433
50
287
56
270
65
444
34
276
251
391
180
169
438
213
226
309
125
205
308
326
294
269
391
44
470
141
450
391
11
260
204
156
431
460
267
159
15
256
453
465
427
238
228
368
119
114
289
382
465
63
179
436
298
13
23
415
318
490
486
50
203
499
449
489
248
412
53
185
381
488
286
450
491
106
132
221
263
342
477
246
413
376
446
462
117
197
195
404
344
291
321
2
288
416
39
39
218
200
94
486
180
96
8
285
280
272
222
446
39
246
9
121
254
480
135
21
251
331
220
215
468
39
497
496
458
23
318
46
78
465
161
214
457
130
151
150
158
16
245
38
444
277
91
4
23
425
362
180
302
71
432
152
311
443
163
316
254
62
294
330
449
349
10
56
340
492
144
448
272
197
161
443
264
396
170
428
168
206
31
288
345
281
350
25
267
313
195
273
354
218
197
358
307
40
407
388
224
305
289
30
438
455
67
366
165
99
312
342
345
124
174
435
422
219
458
192
202
77
426
319
466
464
175
436
91
446
259
38
78
413
355
51
152
40
247
192
403
77
200
116
334
265
398
39
163
344
114
